

1.on
{822, 17684,  3250, 8778,  734, 258,  744, 1262,  740, 258,  740, 260,  738, 254,  746, 254,  744, 258,  742, 262,  738, 258,  740, 1264,  736, 284,  714, 288,  710, 288,  710, 292,  708, 290,  718, 1282,  736, 1266,  736, 1262,  736, 1264,  736, 1264,  736, 1264,  736, 262,  736, 264,  736, 264,  728, 296,  710, 290,  702, 298,  696, 302,  714, 286,  728, 272,  732, 266,  750, 250,  764, 236,  750, 250,  734, 264,  732, 266,  732, 268,  732, 268,  730, 278,  720, 284,  710, 294,  660, 344,  636, 388,  604, 398,  600, 400,  614, 384,  618, 380,  616, 386,  614, 386,  612, 388,  606, 392,  600, 400,  596, 1404,  588, 1412,  584, 1432,  560, 1442,  564, 2940,  3022, 8994,  530, 1492,  504, 496,  508, 492,  520, 478,  526, 472,  530, 470,  528, 470,  528, 472,  524, 474,  530, 1470,  532, 468,  530, 470,  528, 1472,  528, 472,  526, 1476,  526, 1498,  504, 1496,  512, 1488,  528, 1472,  534, 1466,  528, 472,  530, 468,  532, 468,  534, 466,  530, 470,  528, 472,  528, 472,  526, 472,  530, 470,  528, 472,  526, 496,  504, 496,  504, 496,  508, 490,  518, 480,  524, 476,  530, 470,  532, 466,  536, 464,  532, 468,  526, 474,  530, 468,  528, 472,  532, 468,  534, 466,  530, 470,  532, 468,  526, 474,  532, 492,  500, 498,  506, 494,  514, 486,  522, 478,  528, 472,  530, 470,  526, 472,  530, 2984,  3014, 8988,  536, 1462,  532, 468,  532, 468,  532, 470,  528, 470,  526, 472,  528, 472,  522, 500,  502, 498,  504, 1496,  518, 480,  522, 478,  526, 474,  528, 1472,  530, 1468,  530, 1470,  532, 468,  532, 1468,  534, 1466,  530, 1470,  528, 494,  506, 1494,  504, 496,  510, 1490,  526, 1474,  530, 468,  532, 466,  530, 470,  532, 1468,  530, 1470,  532, 1468,  530, 470,  532, 468,  530, 470,  528, 496,  504, 494,  506, 492,  510, 490,  518, 480,  528, 1472,  532, 1468,  530, 1468,  530, 470,  532, 1468,  532, 1468,  530, 468,  530, 470,  532, 468,  530, 470,  534, 488,  504, 494,  504, 496,  516, 1484,  526, 1474,  530, 1468,  532};


2.off

{888, 17620,  3316, 8710,  756, 240,  766, 1234,  748, 252,  760, 236,  768, 230,  754, 250,  758, 240,  768, 236,  760, 238,  768, 1260,  738, 262,  768, 228,  770, 224,  764, 1244,  760, 236,  760, 1240,  770, 1232,  760, 1240,  760, 1236,  764, 1242,  772, 1228,  762, 262,  738, 262,  766, 232,  774, 228,  774, 224,  784, 214,  788, 214,  784, 214,  764, 236,  748, 252,  740, 260,  736, 264,  734, 266,  734, 268,  730, 274,  722, 286,  712, 292,  664, 340,  644, 380,  604, 396,  620, 380,  622, 378,  622, 378,  620, 380,  614, 384,  612, 388,  610, 390,  604, 396,  600, 400,  592, 408,  586, 416,  578, 424,  570, 442,  550, 1452,  544, 1460,  558, 2950,  3036, 8996,  514, 1484,  524, 476,  526, 472,  528, 470,  528, 470,  532, 466,  528, 472,  528, 470,  530, 470,  530, 1468,  528, 472,  532, 468,  532, 1468,  528, 490,  510, 1496,  506, 1494,  520, 1482,  524, 1474,  534, 1466,  530, 1470,  530, 468,  530, 470,  530, 470,  530, 468,  534, 466,  528, 472,  526, 474,  526, 482,  516, 500,  498, 500,  504, 496,  516, 482,  520, 480,  526, 472,  530, 470,  530, 470,  528, 470,  528, 472,  528, 470,  532, 466,  528, 472,  530, 468,  530, 470,  530, 472,  530, 468,  528, 476,  520, 498,  500, 500,  518, 482,  514, 484,  522, 478,  530, 468,  530, 470,  530, 470,  526, 472,  530, 470,  536, 2976,  3012, 8990,  530, 1470,  530, 468,  528, 472,  528, 472,  528, 472,  528, 494,  506, 494,  502, 496,  518, 482,  522, 1476,  528, 470,  532, 468,  530, 470,  530, 470,  532, 468,  530, 468,  532, 1468,  530, 1470,  528, 1472,  530, 1478,  524, 494,  502, 1496,  522, 478,  522, 1476,  530, 1470,  530, 470,  528, 472,  530, 468,  530, 1470,  526, 1474,  530, 1468,  530, 472,  528, 472,  528, 494,  506, 492,  506, 494,  510, 488,  522, 478,  530, 470,  526, 1474,  530, 1468,  532, 1468,  530, 470,  530, 1468,  526, 1474,  530, 470,  532, 468,  526, 476,  524, 494,  506, 496,  506, 494,  514, 484,  524, 476,  526, 472,  530, 1468,  536, 1464,  536};



3.60%

Protocol  : UNKNOWN
Code      : 0xFD557B0A (117 Bits)
uint16_t rawData[233] = {820, 17528,  3224, 8776,  738, 258,  742, 1260,  738, 258,  742, 260,  740, 248,  750, 258,  740, 258,  742, 258,  742, 288,  710, 1288,  708, 292,  708, 284,  720, 1286,  732, 1268,  738, 1262,  738, 260,  740, 1260,  740, 1260,  738, 1264,  736, 1264,  734, 1266,  736, 288,  710, 286,  708, 294,  708, 1292,  720, 278,  734, 266,  742, 256,  746, 254,  740, 260,  744, 256,  760, 240,  770, 230,  746, 254,  734, 264,  732, 268,  732, 268,  728, 286,  714, 296,  702, 306,  690, 314,  650, 352,  636, 366,  632, 368,  630, 368,  628, 374,  624, 374,  622, 378,  618, 382,  616, 384,  610, 388,  606, 394,  600, 1418,  580, 1424,  570, 1434,  558, 1442,  578, 2926,  3044, 8988,  530, 1470,  530, 470,  532, 468,  528, 472,  528, 470,  530, 470,  532, 468,  534, 468,  532, 466,  530, 1470,  530, 470,  526, 474,  528, 1496,  502, 1496,  520, 480,  524, 1474,  532, 468,  532, 1468,  530, 1470,  530, 1468,  526, 474,  536, 1464,  528, 472,  530, 1472,  528, 1494,  504, 1494,  506, 1494,  524, 1476,  532, 1468,  532, 1468,  534, 1466,  532, 468,  532, 468,  528, 472,  530, 468,  530, 470,  524, 474,  530, 472,  524, 498,  500, 1500,  500, 1498,  522, 1478,  528, 470,  530, 1470,  532, 1468,  532, 466,  532, 468,  532, 468,  532, 468,  528, 472,  524, 474,  530, 470,  526, 1498,  504, 1496,  504, 1494,  528, 1472,  528};  // UNKNOWN FD557B0A
17:43:02.748 -> 

4.40%

 Protocol  : UNKNOWN
 Code      : 0xD75A0B02 (117 Bits)
 uint16_t rawData[233] = {828, 17490,  3246, 8780,  736, 246,  754, 1262,  736, 262,  738, 262,  738, 258,  740, 260,  742, 258,  740, 260,  740, 260,  738, 1290,  708, 288,  710, 290,  708, 292,  714, 1284,  734, 1268,  736, 262,  738, 1264,  736, 1262,  738, 1264,  736, 1264,  734, 1264,  736, 264,  734, 290,  706, 1294,  704, 1294,  720, 278,  724, 278,  738, 262,  742, 256,  740, 260,  744, 256,  756, 242,  758, 240,  738, 264,  730, 268,  730, 270,  730, 270,  728, 284,  714, 288,  710, 312,  684, 320,  638, 362,  630, 372,  624, 374,  624, 374,  624, 376,  620, 380,  616, 382,  612, 390,  604, 394,  606, 394,  594, 404,  590, 1426,  568, 1436,  562, 1440,  554, 1462,  558, 2938,  3038, 8990,  520, 1478,  528, 472,  530, 468,  530, 468,  530, 468,  534, 466,  530, 470,  530, 470,  526, 472,  534, 1466,  528, 472,  528, 472,  524, 1498,  506, 1494,  502, 496,  524, 1476,  528, 472,  530, 1468,  534, 1466,  532, 1468,  532, 468,  532, 1468,  526, 472,  528, 1472,  524, 1500,  508, 1492,  504, 1494,  518, 1482,  526, 1474,  536, 1464,  530, 1468,  534, 466,  530, 470,  532, 468,  528, 470,  528, 472,  530, 468,  536, 466,  526, 496,  502, 1498,  504, 1496,  520, 1478,  524, 474,  532, 1468,  532, 1466,  532, 468,  530, 468,  532, 468,  530, 468,  530, 470,  532, 470,  526, 472,  528, 1474,  526, 1496,  506, 1494,  516, 1482,  526};  // UNKNOWN D75A0B02
 


5.120%

Protocol  : UNKNOWN
 Code      : 0x9B6BF3A6 (117 Bits)
 uint16_t rawData[233] = {814, 15446,  3224, 8776,  738, 264,  736, 1262,  736, 290,  710, 290,  706, 294,  706, 292,  708, 292,  716, 286,  726, 272,  734, 1264,  736, 262,  738, 262,  738, 1262,  738, 1264,  736, 1264,  736, 262,  736, 1266,  734, 1290,  708, 1292,  706, 1292,  720, 1280,  734, 266,  736, 264,  734, 264,  736, 264,  734, 1266,  734, 266,  732, 268,  734, 266,  736, 264,  734, 266,  736, 264,  744, 280,  714, 284,  702, 298,  706, 294,  714, 284,  722, 278,  730, 270,  730, 274,  722, 286,  708, 294,  660, 342,  634, 368,  628, 370,  626, 374,  622, 378,  618, 382,  614, 394,  602, 408,  586, 420,  574, 426,  568, 1434,  584, 1416,  584, 1420,  578, 1426,  566, 2954,  3018, 8986,  548, 1452,  544, 456,  538, 462,  534, 468,  532, 468,  526, 474,  526, 474,  526, 496,  506, 494,  508, 1492,  522, 478,  532, 468,  532, 1466,  530, 1470,  528, 470,  528, 1472,  534, 466,  530, 1470,  526, 1474,  532, 1468,  526, 498,  504, 1496,  504, 494,  518, 1482,  526, 1474,  528, 1472,  530, 1468,  526, 1472,  528, 1474,  532, 1466,  530, 1472,  532, 468,  528, 494,  502, 498,  502, 498,  510, 490,  518, 480,  524, 474,  530, 470,  532, 1466,  532, 1468,  530, 1472,  526, 472,  534, 1466,  530, 1472,  528, 472,  528, 472,  528, 494,  506, 492,  504, 498,  510, 490,  520, 478,  530, 1470,  526, 1474,  532, 1468,  530, 1470,  532};  // UNKNOWN 9B6BF3A6



6.100%

Protocol  : UNKNOWN
Code      : 0x8C4BC006 (117 Bits)
uint16_t rawData[233] = {810, 17516,  3316, 8708,  754, 244,  742, 1262,  738, 260,  740, 260,  744, 252,  744, 258,  752, 246,  740, 262,  738, 290,  710, 1288,  706, 288,  712, 290,  712, 286,  726, 274,  736, 264,  738, 1262,  744, 1256,  738, 1262,  754, 1246,  734, 1264,  752, 1250,  742, 258,  724, 298,  706, 294,  720, 278,  698, 302,  700, 300,  732, 268,  740, 260,  742, 258,  744, 256,  760, 240,  758, 242,  738, 262,  732, 266,  732, 268,  732, 268,  732, 274,  722, 286,  712, 288,  706, 320,  634, 366,  632, 370,  626, 372,  626, 374,  626, 372,  626, 374,  622, 378,  618, 380,  616, 384,  610, 390,  606, 392,  602, 1398,  594, 1422,  572, 1432,  564, 1446,  578, 2918,  3044, 8992,  508, 1490,  528, 474,  528, 470,  532, 468,  534, 464,  532, 468,  532, 466,  528, 470,  530, 470,  534, 1466,  528, 470,  532, 470,  532, 466,  528, 1496,  510, 1490,  502, 1498,  514, 484,  530, 1470,  528, 1470,  528, 1472,  534, 466,  532, 1466,  534, 466,  528, 1472,  526, 1474,  528, 472,  526, 498,  502, 498,  500, 1500,  522, 1478,  528, 1472,  530, 468,  530, 470,  532, 468,  532, 466,  532, 468,  534, 464,  532, 468,  528, 472,  532, 1470,  528, 1472,  528, 1494,  508, 492,  508, 1492,  528, 1472,  530, 468,  532, 468,  530, 468,  530, 470,  534, 464,  530, 470,  530, 468,  528, 1472,  530, 1472,  526, 1474,  526, 1496,  532};  // UNKNOWN 8C4BC006

7.80%

Protocol  : UNKNOWN
 Code      : 0x8B6E8146 (117 Bits)
 uint16_t rawData[233] = {816, 17526,  3224, 8776,  738, 254,  742, 1260,  740, 260,  740, 258,  740, 262,  738, 258,  740, 262,  738, 262,  738, 288,  712, 1286,  710, 290,  708, 292,  714, 1286,  736, 1262,  738, 1262,  736, 258,  742, 1264,  736, 1264,  736, 1264,  736, 1266,  734, 1290,  710, 288,  706, 292,  708, 1294,  712, 286,  726, 274,  740, 260,  736, 264,  742, 256,  742, 258,  740, 258,  750, 248,  764, 236,  752, 248,  732, 266,  732, 268,  732, 268,  730, 284,  714, 296,  704, 300,  698, 312,  686, 314,  640, 362,  630, 370,  628, 372,  624, 376,  624, 378,  618, 380,  614, 386,  610, 390,  606, 392,  602, 400,  592, 1426,  568, 1432,  562, 1448,  548, 1458,  562, 2934,  3040, 8990,  530, 1470,  532, 468,  528, 472,  530, 470,  528, 472,  530, 470,  528, 472,  534, 466,  530, 470,  524, 1476,  530, 470,  524, 476,  530, 1494,  502, 1496,  514, 484,  524, 1476,  530, 468,  526, 1474,  530, 1470,  532, 1468,  532, 468,  532, 1468,  528, 472,  532, 1470,  528, 1496,  504, 1496,  516, 1484,  526, 1474,  530, 1470,  534, 1466,  530, 1470,  532, 468,  534, 466,  528, 474,  530, 468,  526, 474,  524, 476,  528, 496,  504, 496,  506, 1494,  512, 1486,  524, 1474,  532, 468,  530, 1468,  530, 1470,  532, 468,  530, 468,  534, 466,  532, 468,  528, 472,  528, 472,  528, 472,  530, 1492,  502, 1498,  500, 1498,  526, 1472,  532};  // UNKNOWN 8B6E8146
